  13
   8
  50
  11
   7
  39
 237
 230
 127
  11
   7
  10
  11
  10
  12
  11
  12
  13
  12
  11
  13
  40
  12
  44
   9
   9
  50
  14
  13
  44
   8
  81
  36
  41
  33
  38
  16
  12
 233
  47
  47
  55
  13
  53
   8
  12
  33
 244
  10
   6
  78
  29
  45
   7
 256
  42
  11
  15
   7
  11
  44
   6
  15
  14
  13
  11
  14
  15
  13
  13
  55
  17
  12
   7
  10
  11
  13
   7
  43
 150
   8
  65
 128
   7
 104
  24
  50
  10
 155
   8
 233
  65
  47
  56
  44
 216
  47
  38
  49
   9
  10
 146
 204
  12
   9
  46
   8
  14
   8
  59
  20
   6
  14
 142
 101
 109
   9
  17
  11
  13
  12
   9
  12
   9
  12
  10
  12
  13
  50
  13
  13
  14
  14
  12
  12
   8
  11
  10
  13
  11
  11
  11
  46
  13
  12
   7
  11
   8
  13
   5
  13
  11
   8
  11
  44
  72
   9
   8
  13
   9
  13
   8
  10
  10
  28
  11
  43
  10
   8
   5
  10
  11
  12
   9
  11
  10
  43
  27
  44
  28
   8
  10
  49
  11
  23
   9
  11
   8
  11
   8
   8
   7
  31
  47
  10
  45
  10
  12
   8
   7
   7
  61
   7
   8
  10
  45
  46
 121
  45
  77
  12
   8
   8
  19
   9
   8
  11
  47
  57
  13
  67
  52
 284
   6
   9
   8
 136
  47
  47
   5
  10
 157
  53
   9
   9
 205
   9
  10
  69
 221
  74
  95
  10
   6
  37
   7
   9
  74
  45
  13
  11
  12
  11
   6
  13
   6
  37
  17
  42
  45
   7
  71
   7
  70
  30
   6
  81
  11
  27
  42
   7
 102
   6
   7
   9
  45
   8
   7
  48
   7
  16
   9
  11
  43
  49
  39
  50
  59
  79
  67
  45
   7
   8
  11
  36
  48
  17
  36
  10
  48
  49
  17
  46
  31
  51
   9
  43
  57
   8
  71
  12
  16
  40
  85
  42
 146
 236
  37
  93
   9
   8
  59
  47
  44
  49
 220
  11
   9
  11
  15
  27
  10
   9
  38
  10
  33
  15
   9
   9
   9
  40
   6
  44
  20
  39
  46
   6
  44
  21
   5
  10
   6
 223
  12
  13
  71
  12
 236
   9
 220
  71
  28
   8
   8
  46
  46
  47
  52
   9
 282
  82
  49
  33
  24
   7
   8
  56
   8
  51
  48
 140
   8
 136
 231
  40
  69
  71
   9
  74
   8
  29
   9
   6
  40
   7
   8
  62
   6
  35
  47
   7
  49
  37
   7
   9
  31
   8
   9
  43
  37
 205
   7
  39
   5
 226
  74
  32
   9
  52
  83
  48
   9
  35
   7
  69
  33
  17
 240
 126
  50
  43
 218
  69
  71
  44
  25
  63
  50
  56
  29
  28
  11
 120
  82
 251
 151
  22
   8
 220
  58
  35
  74
  43
  17
  66
 245
 140
 240
  25
  13
  22
   8
   9
  12
   9
   8
   9
  61
  48
 177
 221
  31
  13
   9
  58
  69
  10
  84
   7
 227
  60
  23
  37
   7
  11
  27
 227
   9
  86
  12
   7
 304
  37
   8
 235
   7
 226
  41
  11
  71
  33
  14
  11
  44
  87
  36
  55
   6
 246
  21
  29
   9
  45
   8
   6
  25
  27
   7
   9
   6
   9
  23
  23
   9
   9
  12
   9
   8
  10
   9
  26
   9
  69
   9
   8
  59
   7
 226
  10
  59
  69
   8
 141
 134
  82
  12
   9
  42
   8
  47
  19
   9
 147
 247
  13
   8
  50
   9
 213
 242
  46
   7
 108
  14
  76
  32
  87
  14
   7
 147
  46
  46
  25
  45
  27
  10
  74
   9
  89
  13
 214
  11
  66
  33
  34
  12
  10
 243
  78
  40
   8
  64
  65
  10
  50
 187
  90
 243
   9
  93
   9
   9
  38
 180
 245
  10
   7
  21
   7
  63
  25
 237
 210
 110
 211
  28
  36
  15
  10
   7
  50
   7
  46
   8
   6
  41
   7
  45
   7
  62
   7
   7
   7
  57
  51
 225
  26
  24
 283
   9
  50
   9
  40
   8
  60
 223
  42
  53
   9
  42
  54
  52
  59
   8
  38
 211
  49
 227
  18
 244
 130
 230
  13
 115
 222
  39
  35
  11
   6
 231
 113
 187
  61
 199
  35
  12
 226
   8
  12
 302
  53
 219
  46
   6
 132
 232
 104
   8
  52
  10
  37
   8
   9
  25
   7
  27
  13
   9
  25
  63
  10
  10
  42
  11
   7
  12
  14
  10
   9
  44
   8
  64
  45
  43
  39
  35
   7
   9
  10
   9
  44
   9
 205
  11
  59
  22
  16
   8
  43
  12
 106
  44
   9
  13
 223
  99
  37
   7
 228
  12
   9
  50
   7
 220
  54
 255
 203
 120
 260
  10
 207
 310
  10
  12
 139
  75
  20
  47
 233
 122
 222
   8
  48
  33
   9
  54
  16
  57
  37
   8
  15
  64
 236
  61
  50
 214
  37
  24
 141
 214
 124
  41
  88
  82
  17
  32
   8
 226
   7
  84
  56
  44
 149
 250
 234
   8
 239
  22
  14
 248
   6
  16
   7
 237
   7
  51
 236
  77
  75
   8
  38
  30
  42
 225
  97
 210
  49
 217
  43
  43
   8
  47
  53
  58
   6
  15
   7
  64
 144
 244
 237
  70
  41
   8
 272
 217
 119
   6
 182
   6
  47
 162
  51
   9
  50
  29
  12
 242
   7
  23
   9
 245
 206
 106
 241
   9
 218
  94
 225
  45
  73
  46
   6
 182
   8
   6
  57
   7
  47
  12
  31
  11
   6
  56
   8
   9
  43
   8
  45
   9
   8
  31
  11
   9
   7
  23
   7
  18
  11
   5
  47
  28
  28
  44
 221
 245
   7
   9
 115
  51
 234
 134
 231
  19
 197
  67
 238
 239
 132
 223
 190
   6
  10
  18
   8
 127
   7
  10
 238
   9
  64
 235
   9
  73
  11
  12
  76
  42
 265
  15
 214
 237
 137
   7
  48
 292
   7
   6
 218
 107
   8
  13
   7
  22
   9
  56
   8
  49
  42
   7
  43
  53
  11
   7
 279
 206
   8
   9
 133
 238
  42
   8
 246
 146
  71
   8
 259
 245
 133
 243
   9
  33
  49
   7
 299
  57
   7
   7
 235
 236
  25
 235
  28
  39
  51
 183
 187
 136
 275
 123
 223
   6
  32
  57
   8
  43
 136
 236
 308
  51
 232
  90
  45
 224
  49
 236
  42
  46
  46
 175
  43
  29
 242
  17
  43
   8
 136
  46
   7
  55
  16
  22
 224
  43
 233
  77
  49
 232
 149
  57
  24
 221
 119
 219
 208
 112
 221
  59
 219
 159
  33
 215
  59
  12
   7
  46
 281
 145
 210
  10
   7
  33
   9
   9
  21
   9
  51
   9
  21
   8
   7
   7
  46
  54
   9
   6
   9
   6
  97
 198
  50
   8
 230
  56
  42
  18
 113
 269
  44
 216
 122
 222
 203
 102
 134
  53
   7
  44
  56
 260
 140
 222
  94
 195
  11
   8
  30
  75
   6
   7
  41
 244
  43
  78
  44
  10
 120
 124
  50
   9
 225
 224
   8
  24
  20
  45
 118
 219
   9
   8
 224
   9
 227
  36
   9
 228
   9
 191
  61
   7
  76
  41
  27
  35
  50
   6
 115
  11
 151
   6
  45
 145
  51
  44
 263
  99
  52
  27
  11
  57
 165
   7
 107
 207
 266
  93
  58
  56
  36
  45
 124
 219
 118
 257
  43
 251
  80
 108
  94
   8
  12
 223
   8
 219
 104
  68
  51
 151
  94
  53
   8
   8
   9
 255
 131
 103
  24
  18
  79
  42
 247
 125
 245
  67
  51
  52
 124
 225
   9
  24
  21
   9
  10
  95
 237
  35
  51
  14
  12
 225
  48
 237
  68
  47
  43
   9
  51
 147
  54
  20
  46
  45
  38
  57
  43
  48
  52
   8
  42
   7
   8
   9
   9
   8
  10
   8
   9
   6
   7
   8
  43
  31
   9
   9
   7
   9
  32
  10
  10
   8
  45
  37
  11
  30
   9
   8
 126
  45
   7
   8
  53
   7
  44
   8
  46
   8
   9
   9
  10
  66
  96
  44
  43
   7
  36
   7
  46
   6
   8
  11
   6
  43
   7
  71
   7
  11
   7
   6
  59
   5
 290
 286
 138
 277
   5
  45
  63
   5
  49
   6
  10
   6
  49
  15
  14
  14
  11
  11
  10
  12
  52
  10
  48
  10
  64
  45
  12
   8
  22
   8
  46
  24
  10
   6
  58
 156
  34
 276
   8
  34
   6
 195
  41
   8
   8
   9
  42
  10
  13
  11
   9
  10
  10
   9
  11
  10
  10
  10
   7
  38
  81
  56
   5
 211
  30
  63
  75
   6
  52
   8
  29
   9
  56
  24
   9
   8
  10
  44
   8
   7
  32
   7
  45
   8
  60
 218
   9
  79
  11
  10
  96
  38
  42
  21
   8
 123
   9
 227
  49
 226
   5
 260
  45
   5
  46
   6
   8
   6
  50
  44
   7
  50
  40
  42
   9
   9
   7
  10
  10
   9
   8
  10
   9
   9
   8
  10
  37
   9
  11
  10
   8
   8
   9
  10
  43
  10
  79
  10
  11
  55
  13
   8
  12
  45
  13
  41
  10
  14
   9
  22
  12
  10
  15
   7
  31
   7
  16
 241
  61
  95
  14
 220
  46
   7
  23
  28
  51
 164
  50
  13
   9
  72
  25
  13
  87
  26
  44
  18
  54
  48
  53
 233
  27
  54
   9
  83
 238
 138
  30
   7
  81
  18
  19
  50
   7
  50
   6
  72
  42
   8
  43
  10
  35
   7
 217
  14
   8
 199
  13
 189
  81
  37
   9
  34
  13
  10
   7
 203
 124
  78
  10
  22
  54
  13
  19
  11
  71
   9
   7
  82
  38
  67
  74
  57
 233
 133
 114
  43
  29
   7
 237
 268
 162
  39
 136
  29
  13
   7
  59
  10
 255
   7
  76
  12
  58
  72
  30
  12
  21
  17
  64
  11
   7
  13
  14
  28
   6
  11
 100
  70
  68
  33
  83
 142
  41
   7
  30
  74
  69
  18
   6
  11
  12
  43
  23
   8
  11
   6
   9
  45
   6
  68
  35
  12
  11
   6
  12
   6
  53
  20
  60
  39
   6
  58
   7
  37
  51
   9
  44
   6
  47
   7
  26
   7
   6
   9
  99
  53
  10
   6
   9
  10
  86
   9
 218
  68
  11
  16
   9
 240
  11
   8
  14
  10
  53
  32
  88
  65
   9
  10
   8
  11
  88
  34
 218
  28
  46
  10
 235
  31
  13
 145
  12
   7
  29
  10
  65
   8
  70
   7
   8
  27
  21
  53
   8
  49
  50
 219
  84
  69
  19
   7
  59
  94
  35
  50
 140
  60
   9
   7
  48
  40
  47
  22
  10
 125
  38
  35
   8
   7
  12
   6
  10
   7
  34
  10
  26
  18
  10
  77
  17
  54
  66
   6
 223
  30
  15
 121
  32
 152
 173
  50
   9
  53
  34
  31
  10
   9
  12
   7
  79
  13
 132
  10
  30
  22
  82
  34
  94
  55
  54
   9
   7
  13
   9
 236
 133
  76
  11
   7
  47
  10
 255
  15
  39
  73
  81
   9
 133
 238
  17
  14
  30
  11
 243
 261
  58
  13
  11
  89
  49
  34
  23
   5
 232
 116
  26
   8
  10
  75
  40
  11
  25
  12
  13
   9
  47
   9
  32
  25
   5
  24
   9
   6
   9
   9
  45
   8
   8
  16
   6
   9
  43
  47
  12
   6
   9
 219
  45
 299
  63
  34
  38
  13
  40
  73
 139
  11
 171
 205
  73
  34
  55
   8
  53
   8
  53
  46
   7
  13
   8
  81
  12
   8
   9
  11
  33
 122
  50
  51
  10
   8
 135
  30
  11
   8
  44
  37
  13
   9
  58
  19
  10
  15
  86
  14
  54
  10
   8
 104
  37
  10
  43
  84
  39
   9
  46
  79
  49
   9
   7
 189
  85
   9
  12
  37
  36
  50
  11
 299
 246
 147
 180
  45
  86
  45
  49
 234
   8
  33
   8
   7
 140
 240
  23
  11
  45
  51
 221
  51
 126
  61
   7
  54
  23
  57
  20
  10
 284
 165
  11
  64
  19
  57
 134
  35
   9
  14
 236
 117
  30
   8
  12
 198
   9
 208
 140
 244
  63
  25
 233
   6
  62
  53
 231
  76
  33
  50
  13
  40
  67
  69
   8
  19
  52
  44
  11
   8
  64
   9
  50
  12
 205
 105
  46
   7
  38
  63
  16
   8
  45
 215
 126
   7
  41
   8
 229
 179
  48
   7
  26
  19
   8
  22
   8
   7
  66
   9
   7
   7
  25
   7
   7
   9
   7
   7
  64
  57
  11
  44
  19
 150
 254
  88
  16
  51
 137
 225
 194
 238
  57
 136
 231
   8
  69
  10
   9
  30
  40
  74
 126
 243
  53
  52
  45
 130
   8
 133
  10
 226
   6
  64
 130
  47
  47
   8
 228
  48
 240
 140
  46
  50
   8
  49
   8
   7
 204
 104
 254
  34
  26
   6
  93
  44
   6
  57
 131
  12
  10
   6
  63
   9
 246
   9
 230
   7
 121
  52
   6
 126
 241
 141
  12
   6
 230
 108
  46
 230
  10
 222
  30
  12
 144
 244
 222
  57
  62
  17
  11
   6
  72
  10
  45
  50
  44
  45
  46
   7
 227
 177
 223
 226
 135
 233
  72
 214
  20
  21
  48
 116
   7
 132
 247
  48
  29
  52
 113
 238
  49
 166
  44
 118
  54
 132
 115
 218
 102
   7
  51
   7
 245
 144
  57
  71
 245
  35
  43
   6
   7
  45
 118
 240
 242
 142
   9
  75
  13
 209
 297
  44
 137
  18
  42
  57
   9
  44
  15
  10
   8
  61
   7
   9
  20
  42
  10
   8
  24
  49
   8
  38
  12
  41
  13
  12
  43
  13
 166
  48
  63
  82
  11
  19
   8
 129
 216
  65
 131
  10
  11
  15
   9
   7
 217
 161
 113
   9
   8
   7
   9
  48
 107
   7
 147
 247
 267
 200
 246
  32
  44
 222
  27
 222
   8
  51
  19
  15
 254
 125
 232
 107
  51
 163
 106
  11
  57
  49
  50
   8
 200
  18
 261
  54
 248
  60
   7
  56
   7
  44
  15
  13
  44
 123
 232
   8
  33
  29
  14
   9
 106
  52
  75
   9
 233
   9
  46
  83
  61
  67
  51
   7
 104
  55
   9
  44
  65
 114
  45
  10
 278
  55
 116
  60
  66
  31
  49
 155
  80
   8
   7
  34
  10
  10
  47
  11
 135
   9
  55
 265
 221
   7
  11
  23
 224
  15
  12
  66
 112
  14
  60
   7
   9
  52
   9
   7
  44
  43
  43
  55
 129
 254
  55
 170
 247
 123
 265
   7
 236
  50
  41
  77
 115
 275
  46
   9
 243
   9
 220
  12
  77
 124
  48
   9
  10
  13
  10
   8
  15
  19
  45
  20
  39
   9
  24
  10
   6
  51
  48
   8
  13
   8
   8
   9
   8
   9
  10
  56
 127
  52
  12
   9
   9
  11
  22
  43
   8
  68
  35
  48
   6
  51
 126
 226
   8
  52
  37
 109
  10
   8
  61
  40
   7
  54
  10
   7
  80
 165
 239
   6
 218
 205
   6
  46
   6
  43
  52
 129
  10
  67
   9
 125
  25
  10
   8
  50
  47
 198
 129
  51
  19
 127
  43
  15
   9
 235
 124
  12
  42
  10
  13
   8
  53
   7
  32
  50
 260
 246
 146
  53
  12
   9
   8
   8
   7
  53
  52
  47
 222
  13
 123
 231
 156
  50
  46
 225
  10
   9
  63
   7
   7
 206
   8
  25
   6
 242
  42
   8
  58
  11
  51
  44
  68
   9
  25
  51
   8
  10
  10
   5
   8
  12
   8
   7
   7
  12
   7
  22
   6
   8
  31
  52
  22
   7
   8
 141
  12
  18
 107
 235
 107
  13
 153
 253
  15
  11
 153
  10
  71
  14
  69
  42
  43
   8
   6
   9
 113
   8
  14
  73
  49
  45
 102
  79
   7
   7
  48
  15
  17
   6
   9
   6
  44
   9
   6
   6
  65
  29
   7
   9
   6
   7
  15
   9
   8
  14
   9
 209
   9
  65
  54
   7
 262
   7
 220
 115
  10
  57
 136
  28
 103
  14
  47
   7
  21
  60
  24
 119
  21
  10
  97
  11
   9
 162
  56
   5
  10
   9
  10
  91
  10
   9
  54
  10
 157
  10
  23
   8
  58
 147
  80
  10
  11
  10
   8
  51
  54
  10
   9
  11
   8
  43
   9
 115
  10
   8
 127
   8
 175
  10
  12
  10
   9
  52
  11
 149
  10
  45
   8
  40
 168
  10
  26
  40
  72
 134
   8
   8
   9
   9
 172
  83
  64
 230
  86
   8
 236
  70
  53
  42
  10
  53
   9
  38
 136
  13
  27
   9
  19
  68
  86
  46
  67
  26
 114
   8
 128
  45
  10
   6
  49
 139
   8
  19
  11
  12
 109
  11
   8
  12
  49
   8
   7
  43
  13
 116
  11
   8
   9
 334
  65
  51
  51
  38
 118
  80
  56
   8
  58
  62
  53
  46
 128
  60
  48
  53
 176
  55
  50
   7
   9
  54
   6
  51
   7
  62
   7
   5
  40
   6
  71
   7
  38
  10
  10
  35
   9
   8
  10
  13
  53
   7
  64
 118
 255
  10
   6
  45
  91
 276
  35
 135
  42
 106
 296
   9
 246
 141
 123
  45
  58
 211
 115
 216
  12
 102
  48
   6
   8
  12
  48
   7
 121
  10
  79
   9
  65
   6
  45
 123
  98
 217
  41
 230
 116
 215
  37
  90
  12
  47
  95
  92
  15
 224
 149
  13
 144
  55
  14
   6
  11
  93
  52
 129
  13
  16
  10
  10
 136
 232
 104
 205
  70
   7
  41
  56
  12
  19
   9
  12
   8
  13
  10
   8
 224
   7
  11
   9
  10
  22
  43
  11
  40
  11
  46
  19
  60
   8
  42
   7
   7
   9
   6
  32
   6
   7
 141
 258
   8
   6
  51
   6
 141
   8
   8
  47
 111
   7
  12
   9
   6
  11
   7
  10
   8
   7
  51
  10
   6
 223
   9
  42
 232
   8
  36
 135
 219
  31
 115
 229
  79
  84
  13
  11
  10
  10
  41
  10
  11
  32
  10
 187
  12
 174
 243
 144
  49
 124
 135
  87
  48
 114
   5
 150
   7
  34
  13
   6
  40
   9
  30
   9
  12
  53
   6
  10
   6
  10
  12
   8
   9
   8
  10
   9
  10
  37
 124
  39
   8
 242
  47
  54
 237
  76
  46
   9
  72
   9
 128
   8
  10
   9
  10
   7
  48
  43
  55
 140
  64
  74
  81
  25
   8
  80
  40
   8
   7
  47
  42
 124
  71
  44
   8
  37
 117
  42
  48
 281
   9
   6
 190
 123
 221
   7
   6
  64
 284
  55
 111
  33
  57
  84
 194
  43
   8
   7
   8
 135
 115
   7
  14
  13
  42
   9
  93
   8
 121
 245
  53
   9
   9
   8
 249
 149
  55
   9
 116
 126
 229
  55
 155
   9
 155
 153
  48
   6
 299
  28
  13
  59
  69
  11
   9
 221
   7
   9
 100
  50
  37
  14
 230
  34
  77
   6
  48
  51
  41
  18
   6
   6
   6
  44
 235
  15
   9
  64
 118
  85
   9
 128
 216
 116
  56
   9
 236
   8
 244
  15
   7
   7
   7
  60
  14
   6
  51
   7
   8
  42
  44
  41
  43
 197
   6
  10
  32
  66
 155
  14
  41
 139
  37
  91
 107
  56
 135
 217
  18
  17
  56
  54
  11
   6
  10
  45
  10
   8
   6
  38
  44
  32
   9
  10
   7
  28
   9
   9
   9
  13
  11
  67
   8
   9
   7
  10
   9
   9
 204
  49
 157
   9
  16
  12
  54
   8
  61
   7
 203
   8
  50
  11
   8
  39
  78
  28
 246
 146
 247
   8
 237
 133
 180
  15
  10
 168
  16
  48
 159
  60
  21
  11
 177
  48
  50
 154
  66
  81
  11
 121
 250
 150
  10
  42
  23
  29
 248
  62
 127
  68
  76
  24
   9
   6
  13
 123
 208
 135
 246
 160
  35
  11
  10
  11
   9
   8
  11
  10
  12
   9
   9
  10
   8
   9
   7
  10
  10
   7
  20
   8
  10
   8
  10
   9
   9
 229
   8
  60
   9
   7
   8
   8
   7
 136
  40
  56
  96
  61
   8
  69
   9
 115
  55
   7
 263
 111
  83
   8
 149
 170
  41
  12
  48
 116
  65
  80
  84
   9
  49
  45
  94
  13
   9
  12
 247
 147
  24
   7
  61
  30
  24
  55
   8
  23
   7
  17
  14
  13
   9
  57
  17
 138
 229
  51
 158
   7
  45
 200
  48
  97
  58
 108
   7
  42
  63
 134
 152
 219
 123
  49
  70
   6
  49
   6
   7
   6
   6
   7
  13
   9
   7
   8
   7
   7
  45
   7
  12
  10
  12
  44
   6
  44
  53
   8
  55
  13
 238
   9
 247
 176
 244
  17
   9
 228
  10
 199
 183
  83
   9
   8
  10
  88
  12
  37
 179
 192
  33
  51
  47
  60
  38
   7
 223
  48
 272
 251
   6
 142
 175
  37
 147
 248
 104
  22
   9
  55
  95
 248
  57
  78
  56
  75
  65
   6
 244
  59
  85
   8
  58
 238
 126
  43
   8
 310
  49
   7
  45
 140
  15
 128
  51
 217
   7
 329
   8
  13
  55
   7
 219
 122
  53
 107
  19
  80
  19
  36
 154
  50
  57
   8
   7
  61
 196
  61
  11
 104
   7
   9
   8
  11
  98
 198
 345
  34
  33
  12
   8
 157
 132
  10
 155
  50
  50
  14
 234
  16
 137
 125
   9
  91
 107
  19
   8
  83
  10
   8
  10
 112
  90
 172
  94
  87
 126
  12
  10
 112
   8
   9
  10
  54
  10
  95
  12
  10
 151
  50
   7
  54
  69
   8
  54
  55
  45
 136
  46
   7
   7
  54
   7
  49
  10
   8
   8
 181
   8
   8
  44
  84
   7
  10
   8
   8
  17
   7
  75
   7
  12
   7
  33
  44
  10
  11
   9
  10
  11
   7
  10
   8
  39
   6
  10
   8
   9
   8
  14
   7
   6
  21
  29
 149
   6
  45
   7
  78
  31
  29
  15
  14
 148
 248
  44
 131
  72
 143
  52
  41
   8
   8
   9
 173
   9
   6
  19
   9
   9
   7
   7
   9
   7
  28
   9
   9
 105
  42
  10
  48
  76
  11
  42
  12
 102
 339
  60
  44
 119
  42
   8
   7
   9
   7
  48
  49
   6
  49
   8
   7
  48
 149
 280
  44
 220
   8
  59
  36
   6
  52
   8
   6
  10
   7
  15
  51
   7
  41
   9
  56
   6
 211
   8
 290
 124
 224
  47
 157
  53
 160
 264
   7
  51
  69
  10
   8
  46
   5
 227
  59
  84
   6
  94
 149
   5
 219
   7
  67
  72
 173
 242
  51
  11
   7
  13
  84
 139
 147
  56
  19
 125
 225
 179
  47
  82
   8
  41
 142
 124
  50
 130
 219
  53
   8
  11
 144
 160
 103
 263
  60
  57
 159
   7
 113
  62
 260
  79
   7
  53
   6
  56
  56
  49
   8
   9
 279
  11
   6
  70
  21
  45
   7
  45
  54
   8
   7
   7
   7
   7
   7
  27
  39
  44
   9
  33
  38
  11
  48
  42
 198
 155
 255
  50
  10
 226
  49
  44
 234
   8
 248
   8
  47
   8
   9
 283
 122
 129
   6
 222
   8
   7
   9
  10
  40
  94
  37
   6
  79
   8
  44
  76
  44
 123
 219
 134
 216
   7
   5
  53
 152
  32
  45
 186
 184
   7
 192
  10
   9
   7
  33
   6
  43
   6
  50
   7
  64
  42
  44
 108
 213
  31
  75
  20
  10
  53
   6
  37
  24
   7
  48
   7
  50
   9
   7
 247
 131
 218
 141
 307
 206
   8
  43
   9
 224
 229
 129
  51
   8
 238
   6
   8
  79
 126
  31
  10
 259
  48
   8
 230
   8
  10
  58
 209
   7
  12
 253
  63
  10
 239
 139
 265
  40
 245
   8
 275
 205
 100
 103
  42
 258
  50
   7
 252
 136
 234
   9
  11
  12
 136
   9
 112
 216
  57
   8
  45
 106
  56
  50
  62
  76
  86
  56
   7
  43
  53
  46
  81
  16
  11
  42
 219
 243
   6
 229
  87
  44
 125
 229
 106
 127
  92
   8
 230
  35
   9
  72
   8
  11
  10
   7
  39
   8
   6
   8
  50
  45
   8
  42
   9
   9
  39
   8
  44
   9
 222
 142
 243
  50
   7
  18
   9
   8
  11
   9
  44
  10
  11
   9
  47
 228
  50
   9
   8
 133
 122
 222
  12
  48
 139
  47
  23
   8
 132
  36
   8
  12
   8
   6
  42
   7
  13
   8
 225
 206
  46
  48
   7
  51
   8
   6
  62
  42
 258
 108
 215
 138
 237
 228
   6
  50
  56
   7
 155
  42
 285
  44
  55
  60
   6
  43
   8
  10
  88
   8
  57
  69
 137
 178
  10
  51
 126
  50
  56
  65
  39
  17
  39
   6
  48
   6
  68
  60
 136
 259
  54
 164
 144
 244
 278
 115
  53
  21
 233
  42
  50
  75
   8
  46
 221
 121
 223
  56
  30
   6
 141
 228
 115
  62
 114
  55
 114
 215
  32
 123
 247
  63
  47
 113
 125
 170
 136
  41
 145
 245
 210
 109
  18
 127
 230
  99
 121
  59
   8
  50
 116
 217
   9
 107
 220
   7
  68
  77
 135
  47
  64
 218
  51
 221
  45
 117
 223
  24
 215
 219
  46
 210
 120
 283
  24
   6
   6
  11
   5
   6
  11
   5
   7
   8
  70
   6
   9
   9
   6
   7
   7
  66
   7
   6
  60
  10
 116
   8
  51
 316
  86
   7
  30
   7
   8
  42
   7
  10
 112
  40
  10
   7
  97
   7
 222
  73
  43
 183
   9
  19
  40
 238
  10
   8
  42
   6
   8
 130
  43
  74
  18
  59
   6
   8
  50
   8
   9
   9
  39
  43
  51
  37
  17
  47
  43
 104
  49
  10
   7
   8
  31
  44
   7
  47
  41
   7
  10
 130
  48
  10
   8
   7
   9
   9
 201
 285
   7
  44
   8
  10
  43
   6
  39
 109
  58
  41
   6
  48
   8
 205
   8
  43
   8
  42
 187
 107
  73
   6
   7
  70
  36
  12
   7
 233
   7
   8
  48
   7
  51
  13
  10
 159
  14
  58
   9
  10
   6
   7
  12
 182
 224
  13
  48
 200
  48
 225
  18
  41
  38
  25
   7
   7
   7
   7
   8
  26
   6
  62
   7
   8
  39
   6
 276
  97
 207
  44
 132
  49
  51
 274
 121
  41
 222
 123
   8
   7
  50
   6
  60
  43
   7
   8
 251
  30
 145
 245
  31
  79
   8
  47
  58
  44
   7
  30
   7
  65
   8
   7
  47
   8
   8
  46
  16
  48
   7
   9
   8
  41
   7
  57
   9
   8
  47
 124
  41
 201
  32
   9
  43
  36
  31
  74
  55
  84
  20
   9
  11
   9
   9
 173
  10
  10
  47
  97
  49
  61
  48
 104
  37
   8
   9
  47
 111
  10
  58
  67
  46
  43
   6
   7
  44
   9
   8
  42
 122
 212
   7
   9
  10
   9
 183
  35
  18
 218
   7
   8
 121
  37
  48
  30
  24
  17
  14
  78
  55
  15
  11
  56
  67
   9
 109
  44
   7
  54
   7
   8
   5
  13
   9
  13
   8
  52
   9
   8
  45
   9
   8
   8
   9
   7
  12
 103
  10
  42
 125
 225
  40
   8
  80
  11
   9
  65
  20
  44
  39
  78
   7
   6
  49
 129
  33
  15
   9
  67
  56
 184
  46
   7
  81
  28
  79
  24
   9
 106
   8
 224
  11
  18
   8
  14
 145
 246
  80
  21
  54
 152
 200
   9
   9
 106
  23
  49
  68
  18
   8
  79
  77
  46
  29
  12
  12
  13
   7
  10
  11
  10
  37
   7
   7
  16
  53
  11
   9
  81
  11
   9
 212
 112
  91
   9
 214
  89
  10
 121
  10
  45
 153
 114
  72
   7
 211
   7
  10
  58
  63
   9
  42
  87
 100
  59
 206
 106
  11
  86
 156
  10
  47
 137
  43
  12
  48
  73
  12
  11
  52
   9
  11
  50
 148
   9
  11
 145
  67
  51
  10
  11
   7
   5
  47
  20
  44
  50
   7
  43
   6
  50
   7
   8
  44
  14
  36
   7
  44
  48
   6
  46
  45
  40
  51
 295
   8
   7
  64
  72
 173
  15
  10
  40
   7
 257
   8
   7
  19
   7
   8
   9
   8
   8
 105
  38
   9
   7
  15
  13
  27
  32
  16
   6
  66
 167
   7
   7
  48
  12
   9
   8
  16
  45
   8
  56
  25
  45
  34
  44
   8
  76
 123
 223
  30
  10
  69
 138
  52
  76
  14
  46
  11
  43
  56
  13
  23
   9
  16
  25
  29
 112
   8
  14
   9
 292
  34
  13
 271
   9
  51
   7
  62
 185
  12
  10
   7
  10
  48
  12
  84
   7
  16
   9
  44
  10
   7
 219
   9
 243
  44
   8
  83
   9
  49
   8
  53
  17
   8
  14
   8
 169
  57
   8
 221
   8
  53
  98
 159
  53
  12
 111
   9
  46
 179
 282
   7
 122
   8
  63
   8
   7
   9
   9
  10
 158
  10
  10
  47
   6
  11
  62
  11
  10
   7
 170
  42
   9
   8
   7
   7
  62
  36
  56
   8
   9
   9
  22
   9
 145
  45
   8
  13
  10
  10
   8
  10
  60
  21
  54
   8
  43
  60
   7
  11
  11
  47
  45
  11
  38
  16
  23
 329
  46
   8
   9
 203
  83
   7
   8
 210
  40
   7
  50
  55
  11
 231
 132
  10
  10
 207
  51
   8
   7
  90
  44
  67
  38
  15
   9
   6
  35
  26
  10
   7
   6
  26
   7
  10
  10
  12
  30
   6
   9
   7
  10
   7
  34
   7
   7
   9
   8
  59
  53
  11
  47
 182
  38
  24
 216
  67
 204
 225
 235
   7
   9
  50
   7
 211
   9
 238
  53
 117
 207
  39
  42
  53
   8
   7
  71
  19
   9
  23
  49
   8
 161
  49
 200
   9
  52
  44
  47
  75
   6
 240
 182
   8
 119
  52
 126
 107
  42
  63
  84
  59
  27
  71
 217
   8
  80
   7
 236
 145
  58
  19
  10
  13
  16
  12
 137
  62
  10
  32
  55
  54
  12
   9
   8
  37
  33
  24
  41
  18
  53
  42
  47
  18
  11
  43
   8
  45
 130
 214
  74
   8
  71
  55
 256
  85
  83
  50
  54
  43
  25
  18
  45
  26
 210
  41
  36
 207
 107
 221
  38
  70
  45
  39
  83
  45
 207
  65
   9
  40
   6
 205
   8
  57
  52
  52
  13
  14
  46
  75
  24
  79
  46
  52
  78
  48
  29
  33
  58
  10
  48
  26
 151
  56
  17
  35
  42
  12
  72
 198
  42
  10
  14
  11
  10
   9
   5
   7
  66
  59
  75
  71
  29
  21
  49
  29
 199
  17
  48
  16
 122
 216
  77
  13
  25
  17
  21
  98
  43
  94
  35
   7
   9
 252
  35
  50
  10
   7
  13
   7
 318
  12
  10
  66
   8
  33
  23
  55
  55
   8
  20
  61
  57
  90
  26
  51
  40
  16
  60
  45
  49
  10
 157
  42
  13
  11
   9
   9
  51
  96
  60
  88
 128
  13
  97
  58
 114
  75
  27
  46
  81
  25
   9
   7
  80
  22
  51
   7
   8
  69
  35
  66
  68
 160
  38
  31
  30
   8
  46
   8
  51
  51
   6
  43
  11
  46
  11
  48
  49
  10
  39
  10
  54
  12
   9
 216
  38
  11
   8
  11
   8
 222
  48
  84
  14
   8
   8
 187
  77
  77
  30
 215
  18
  42
   6
   6
  48
  39
  14
 206
  31
  53
  77
  43
  70
  88
  46
  33
  83
  48
 102
  76
  12
  37
  15
  11
  21
  15
  34
  43
  84
   8
   8
  84
  18
  53
  45
  24
  93
   8
  91
  30
  34
  13
  14
  45
  84
  14
   8
  52
 112
  15
  43
  39
  12
  71
   8
 207
  36
  11
  43
  38
  73
  27
  18
  24
  49
  12
  11
  68
  18
  20
   7
  27
  59
  56
   9
  32
 141
  53
  14
  83
  75
  44
   9
   9
 192
   9
  47
  46
  17
  51
  33
  11
  80
  14
  37
  51
  94
  42
  49
  39
  28
  43
   6
  17
 106
  32
   8
 213
  41
  17
  19
 117
  73
  35
   6
  49
  38
  10
   8
  53
  15
   8
 207
  79
  47
  40
  25
 231
  25
   9
  29
  19
  30
   9
  35
  13
 240
  30
  70
   7
  35
  10
  47
  79
  52
  48
  41
   7
  39
  54
   7
  76
  43
 249
  27
  59
  18
  13
  42
  22
   8
  61
  17
  61
  10
   9
  64
 164
  17
   8
  61
 147
  59
  50
  41
 187
   7
  19
  84
  26
  51
  11
  44
  27
  39
 133
 233
 203
  27
  81
  32
 216
  56
  34
  16
   5
  42
  35
  71
 214
  65
 177
  11
   8
  57
   9
  56
 162
  65
  23
  21
 212
 147
 189
  45
  85
   6
  52
 195
  42
  41
  45
  35
  39
  76
 236
  83
  29
  62
   6
  74
  13
  52
  52
   8
  54
  11
  39
  10
  14
   9
   7
  14
   9
  27
  16
  21
   9
   7
   8
  11
  10
  10
  11
   9
   9
  78
  36
  37
  11
   8
  10
   8
  10
 225
  11
 119
  37
  24
  23
  15
  53
   6
 200
  11
  60
 158
  13
  42
  25
 152
  89
  30
  62
   7
  76
  37
  76
  89
  17
  10
  87
   7
  77
  40
  45
  32
  31
  17
  23
  72
  19
  35
  20
 115
  83
  40
  47
   9
  82
  43
  85
  11
   9
   6
  89
  10
   8
  70
  10
  13
 365
  46
  37
  38
   9
  50
  10
  63
  60
   8
  29
   8
 189
  20
  13
  51
  11
  69
   9
  38
 264
 164
  47
  47
  10
  12
  18
  15
   9
  41
  10
  12
   9
  11
   6
  10
   8
  51
  37
   7
   7
  40
  75
  77
  47
   7
 214
  46
  38
   8
  43
  44
   7
  22
  14
  13
  42
   8
  47
  67
  47
  11
 130
 175
  13
  88
  18
 156
 107
 208
  79
  20
 204
   8
 137
  43
  25
 226
  44
  11
  31
  36
  78
  70
 201
  24
  16
  82
  27
 162
  28
  12
  77
  41
 213
  42
   8
  21
  12
 231
   8
  63
   7
 147
  37
  37
  60
  79
  10
  25
  30
 188
   8
  84
  59
   7
  75
  39
  47
  73
  26
  35
  42
  77
  85
  43
  69
  12
  46
   8
  44
  13
  53
  12
 121
  51
  51
  91
  12
  47
  12
 120
  76
  13
  54
  53
  15
  74
  11
  76
  13
  79
  17
   9
  33
  10
  22
  39
  93
   8
   9
   7
 103
  26
  49
  16
  45
  11
  12
   8
  77
  16
  16
  44
  20
   7
 216
 116
  57
  10
 185
  30
  13
  46
  44
   6
 274
   7
  10
  11
   6
  10
   6
   8
   8
   5
   8
   9
  86
  62
 184
  84
   9
  11
  56
   8
  59
  68
   7
  10
  46
  42
  10
   6
  10
   7
  42
  17
  44
  40
   8
  41
   7
 191
 202
 101
 157
  51
 167
  12
  12
  45
  16
 185
   8
 233
  96
 196
  57
  64
  21
  10
 221
  45
  86
 206
  11
  10
  11
   7
  29
  18
 149
  12
  10
  16
  44
 180
   8
  60
  18
  67
  39
  49
 214
  25
  14
 235
 128
  42
   6
   8
 108
 209
  82
  26
 217
  39
  38
  12
   7
 222
  82
  13
  38
  31
 131
  64
 139
  58
  71
  18
  14
  21
   6
 201
  75
   5
  24
   8
  27
   6
  31
  25
   7
  84
  17
  48
  38
   6
  93
  19
  43
   9
 219
  84
  93
  40
  69
  80
  97
  27
 227
  31
  12
  21
  11
 222
  14
 170
  21
  76
  88
  36
  76
  45
   7
  11
 150
  44
  48
 151
 101
  49
  45
 216
 160
   8
  34
   8
  86
  11
   7
  75
   9
  47
  37
   7
  30
  28
  31
   9
  47
  19
  54
   8
  50
   9
   9
   9
   7
  55
  10
  14
  63
 213
   6
  34
  20
  11
  16
  17
  30
  12
  31
  12
 217
  44
   9
 159
  87
 254
 227
 127
  46
   6
 163
   9
  10
 135
  11
  10
  12
 114
  61
  41
   8
  11
  77
  17
 103
  10
   9
  47
  45
  53
  60
 160
 137
 131
   8
  80
  78
   8
   8
  53
  69
   8
  75
  50
 178
  48
 194
  55
 180
  29
  60
  50
   8
   6
  30
  48
  38
   8
  59
  10
  36
  51
   8
  55
   8
   8
   8
   8
  10
   7
  11
   8
  21
   9
   7
  34
   9
  14
  68
  77
  75
  52
 214
   7
 245
  51
   9
  56
 133
  62
 192
  92
  56
  53
   9
  48
  15
  53
  52
   9
   7
   8
  46
   6
  52
  78
  79
   9
  62
  32
  10
  36
   7
  15
 114
  52
 139
 115
  87
  16
  10
  71
   9
  46
   7
  79
  14
   6
 243
   7
 109
   6
 103
  10
   7
 223
   9
  36
   9
  10
  19
  11
  86
   8
 222
  72
 136
  35
  10
  20
  52
  47
  76
  10
   7
  40
  77
  44
   7
  27
  57
  50
  63
   6
  62
  33
  46
  42
  84
   7
   7
  39
   9
  41
 165
  65
  42
  18
 228
 120
  33
 176
  88
  53
   6
  44
  62
 189
  48
   9
 127
  27
 171
 254
 160
 229
  10
  15
 199
  99
  88
  59
  47
  69
 224
  96
  17
   7
 126
  82
 225
 125
  86
  11
  67
  18
  47
  34
  42
 209
   8
 214
 220
 120
  87
  88
   9
   6
  49
 185
 143
  34
  14
 206
  79
  32
  30
  46
  76
   7
   7
  50
   8
  49
  10
 117
  52
 169
  68
  49
  60
  11
   9
  50
  53
 236
  47
 141
  63
  72
  77
  78
 185
   9
  60
 189
  63
  51
   6
  56
  52
   7
  11
  41
 274
   8
  80
  11
   7
  37
   8
  70
  43
   9
 184
 128
   8
  24
  46
  27
   9
  35
   7
  48
  41
   5
  46
  11
   6
  12
   8
  35
  10
  10
   9
 204
  10
   8
  12
  10
   8
   8
 122
  43
   7
  45
   9
 283
  15
   7
  15
   8
   8
 101
  47
  38
   7
  33
  12
 185
  11
   8
  52
   6
  64
  38
  83
   6
   8
   6
  10
   6
   8
   8
  36
  12
   9
 113
   7
  63
   9
  56
   7
 214
 138
 238
 234
   8
  49
  13
 239
  69
   8
  25
   9
  49
  40
   9
 175
  69
  81
  82
 224
   6
 112
  11
 127
  12
  12
  48
  72
  38
  21
   7
  10
  12
 130
 211
   8
 245
  49
   7
  74
  13
   9
   8
  43
  43
  20
  16
   6
  73
  57
   8
  30
  20
  10
  50
  12
  16
   9
   7
   7
   9
  85
  27
  20
  31
  12
   8
  60
  42
   7
 241
  72
  10
   8
   6
  37
  17
  11
   9
 116
 230
  27
  11
   8
 331
   9
   6
  92
  13
 232
  64
 208
  19
  14
 113
  30
  14
  83
   7
  39
  19
  51
   7
 219
  47
   6
 269
   9
 252
  39
  54
  53
  36
   8
  37
  25
  16
  12
  24
  10
 177
  63
 255
  18
   7
  93
   9
  57
  29
 118
   7
  40
  23
 101
  43
  77
  50
  44
 157
  48
  44
  55
 213
  29
  60
 148
  48
 143
  34
  11
  49
   9
  16
   9
  46
  17
  42
  68
  79
  60
 132
  46
   8
  44
  59
  21
  51
  35
  15
  48
   6
  41
   7
  68
  10
   9
  35
   8
   9
  11
   8
  52
   8
  35
  15
  43
   9
  57
  20
  38
  48
  21
   9
   8
   8
  13
   7
  55
  10
   6
 218
  45
  54
  14
  48
  86
 186
  17
  11
  46
  12
 215
  47
   9
 215
 103
  75
  50
  48
  83
  18
   7
   8
 172
  65
  96
  59
   9
   8
  40
   8
  38
  14
  46
 105
  20
   7
   9
  51
   8
 206
  44
   6
  48
   8
 123
   9
  18
  49
   9
 212
  47
 119
  48
  14
  47
   7
 216
  42
  54
   8
   7
 238
   7
  61
  52
   7
  76
   8
 263
 136
   8
  11
   9
 168
  60
  48
  42
  10
 238
  34
  19
  19
  16
   9
 142
   8
  70
 104
  46
   8
  37
  22
   9
  48
  48
  74
  17
  64
 116
  74
 188
  87
  50
  29
  99
   7
  43
  78
  17
 201
  27
  60
  13
   7
 228
   7
 102
  24
  17
  49
 129
 307
   8
  36
  65
  26
  80
  14
  48
   8
  53
  86
  18
   9
   8
 246
  46
   7
  15
   7
  11
  89
  28
  12
  68
  44
  37
  19
   8
  38
 216
   9
 203
   9
 142
  58
  59
 248
 143
 246
  86
  83
  49
  45
  68
  24
  61
  82
  18
 231
  24
  10
  37
  49
 228
  92
  37
   8
  43
   9
 111
 261
  91
 214
   9
   8
 237
   9
 214
  21
  13
   9
  92
 239
   6
  35
  38
   5
  40
   8
  48
   8
  16
   7
   9
  31
   8
  42
   8
   9
  34
   8
   8
   8
 195
 201
 116
  51
  80
  47
  54
   7
  59
   8
  32
   8
  41
  25
   9
  42
 105
  10
  10
   8
   9
  42
   9
   9
 139
   9
  43
 141
  55
  24
  28
  23
 213
  35
  99
   7
 274
 217
   7
   8
   8
 200
  18
   7
 231
  98
 215
 127
   7
  32
  41
  48
  63
 278
  74
  73
  10
  94
  26
  24
   9
 191
  82
   9
   7
 157
   9
   7
 140
  56
  12
   7
   9
   9
  79
  11
  10
  11
  15
   7
  10
 130
 229
 132
 228
  53
   7
  34
 114
 225
   8
   6
 230
   8
   9
  43
  35
   8
  11
 225
   8
  80
 132
  50
 233
  11
 222
  31
  59
  46
   6
  56
 123
 246
  41
   6
 222
  31
  21
 121
 229
 269
  71
 195
   9
  12
  60
  16
  54
  35
  49
 132
 223
  35
  15
  56
  29
  50
  73
  45
  70
   7
 215
  18
  15
 207
 144
  62
  52
 240
 226
 126
 211
   7
  41
   9
 229
 238
 112
 100
  44
  12
  77
  94
  36
 189
  51
  15
  71
  47
   7
 243
  48
 297
  32
  81
  64
   7
 237
  45
  73
 239
 147
  36
 113
 263
  52
  61
 234
   7
 283
  68
  17
   8
   8
  15
  30
  24
   9
  24
   8
   9
  29
  10
  52
  44
  10
  20
   8
  12
  42
   8
  53
   7
  67
   9
   7
   8
   9
 142
  34
  33
   6
   7
  45
  11
  45
  96
  50
  43
   8
 201
  81
 218
  49
   6
  54
   9
  30
  12
  10
   7
 166
  41
  82
  10
  31
   6
 235
  15
  43
  32
  57
  11
 143
 213
  24
  59
  10
  44
  61
  10
  46
  54
  17
   6
  66
  51
   8
 270
 158
  58
  50
  11
 280
  30
  36
  35
  12
 240
 112
 218
  65
  43
  51
   7
 253
  34
  58
  44
   7
  47
  35
  20
  52
 272
  58
   8
  46
  12
  48
  48
 147
 256
 154
  62
  39
   7
  52
  19
 202
  71
  40
   9
   7
  29
   7
   8
  54
   7
   7
  55
  46
  63
  68
 215
 140
  57
   8
  66
  46
  31
 216
   8
 291
   8
  45
  84
  19
  49
 153
 134
 217
 117
 210
  14
  10
  69
 152
 143
  59
 244
  50
  64
  60
  30
 123
  89
 208
  10
   8
  94
  63
 172
  42
  69
  57
   6
 206
  11
  55
 138
 205
 191
  91
 206
  91
 171
  36
  47
   7
 141
 237
  17
 126
 127
 145
   8
  94
 252
   6
   6
   7
  91
  12
 142
 212
  71
  92
  12
  88
 137
  48
   5
  11
   8
  26
   6
   8
   8
   6
  10
  10
   8
  10
   5
   9
   8
   8
  47
   9
   9
   8
  12
  36
 240
  32
  25
  31
 120
  41
   9
 115
  67
  40
  14
  34
  16
   8
   7
  60
   7
  28
   8
 249
  29
  14
 229
  37
  69
  49
  38
  39
   8
  10
  91
 224
 122
   9
  15
  53
 210
  50
   7
  23
  11
  59
  11
  54
  29
  14
   8
  27
  15
  18
  14
  66
  89
  13
  32
  34
  47
  48
  22
  73
  19
  84
   6
 215
  29
  12
  44
  53
   9
  82
   8
 124
 230
  43
 224
 214
  43
  13
  50
  24
  33
  58
  35
  50
 293
 137
  37
 252
 141
 203
  10
 270
   8
   6
  55
 139
  47
 223
 123
  86
   9
 218
  31
  39
  55
 136
  12
   8
  51
   9
  18
  72
   6
  50
   9
   8
 114
 171
 265
 106
 233
  12
   7
   7
  63
  53
  43
 246
  11
   7
  57
   8
 277
  11
  12
 234
  38
  15
  62
  14
  39
 199
 143
 123
 229
  52
   8
  45
  58
 216
   6
  40
 192
 108
  55
  96
 171
  47
   6
  62
   7
  59
   6
 288
  55
  33
  50
 164
  71
 137
 237
  25
  10
 195
   8
  98
  53
  44
  29
  54
   8
   8
   8
   6
  11
   9
  42
  27
   7
   9
   7
   8
  29
  28
  19
   9
  11
   8
   7
   9
  57
  15
 218
   7
 278
  45
   8
 227
  53
  48
   6
  11
   9
   9
   7
 106
 236
  63
  74
  14
   8
  42
 104
  62
  46
 119
 225
 124
  51
 251
 151
  69
  19
  11
  35
  33
  49
  11
  14
 114
   7
 236
 136
  22
   9
  39
  37
  57
  33
  59
 293
 126
  39
   8
  32
  45
  58
 234
  47
  47
 237
   6
  75
  11
  13
  52
  68
  42
  38
  18
 206
 275
  58
   9
  40
  59
 253
  56
 232
  46
   8
 171
  10
  67
  28
  10
 225
  15
  71
  54
 287
 280
  10
 206
   8
 216
  42
 132
 253
 105
   7
 132
 232
  73
  21
   7
 137
 190
  17
   6
  55
 114
   9
  46
  64
 287
 109
  30
  12
  51
 248
  52
  43
 135
 232
  13
   7
  52
   9
  43
 126
  69
  12
 133
   7
  34
  13
  70
 170
  52
  90
  51
  55
  59
  89
  36
  23
  72
  32
   9
   9
  79
  17
  50
 144
  79
   8
   8
  79
  10
  13
  10
   8
  46
  48
  28
   8
  23
  44
 108
  53
  83
  26
  82
  78
   8
  84
  11
  43
  44
   9
  45
  10
  49
  10
   6
   6
   8
   7
  30
   7
  29
  31
  14
  11
   8
  12
   8
   6
  50
   8
  49
  48
 228
  69
 137
   6
 112
  10
  82
  69
 200
   9
  67
  59
  14
  13
  11
   9
  11
  47
  37
   8
  28
  11
  10
  52
   7
  49
   6
 119
 135
 246
  11
   5
 233
  11
  55
  20
  14
  21
   7
   9
  50
 223
 228
 128
  52
  48
 247
  80
 218
 262
 137
  85
  14
 247
   8
   7
 231
  38
  16
 207
  51
  25
  35
  15
  11
   6
 147
 247
 236
  58
 229
 165
 233
 183
  67
   7
  75
  43
  52
 262
 209
  49
 208
 105
  47
  60
 122
 214
 124
  74
  57
 275
   9
  10
 229
  50
 246
 205
 129
 219
 119
 209
  76
  30
  11
  28
  42
 130
  57
 223
  34
  14
  26
  65
 125
 225
 292
  10
 205
   6
  42
 243
 145
  79
  41
  14
  80
  33
  48
  12
  40
  11
  57
  75
  41
  50
  49
  64
  10
   8
  53
  43
  13
  50
   7
  43
  43
  42
  52
 251
  81
  79
   8
 116
   5
  72
 214
  48
   7
  65
 160
  29
  55
   6
 237
   7
  11
  44
   7
 207
  57
  10
   6
   9
  13
   6
  31
   9
   9
   8
  28
   8
   6
  15
   6
  10
   6
 409
  12
   9
  12
   8
  13
   7
   6
  68
  12
 235
  31
  32
   7
  62
  92
   9
   8
  21
 143
  46
   8
  68
   9
   6
  63
  33
  75
 167
  63
 229
   7
   9
   9
  32
  28
  37
  12
   7
   9
  53
   9
 209
   9
  45
  53
  61
  59
   7
  76
  43
 223
  58
   6
 146
   6
 202
 102
  40
  42
 315
 224
   7
 211
   7
   7
  44
 132
 242
   6
  75
  49
   8
 298
  50
 234
 126
  81
  18
  15
  33
  10
  47
   7
   6
  73
  58
  91
   9
  11
  31
  20
  65
  50
 311
   7
   7
  51
 323
  45
 137
  86
 226
 143
  31
  15
  11
  35
  35
  55
   6
  45
  22
  56
  42
  23
  45
  58
 103
  12
   8
  55
   8
   7
   8
 219
  75
  49
  81
   8
 236
  58
 306
  30
   8
  61
   7
 200
   8
 118
  13
   6
  32
  16
   8
  88
  19
  26
  46
  30
  13
   9
  33
  26
  10
  49
  85
 203
   8
  42
 131
 212
 206
 130
 220
  49
 148
 229
 129
 225
  52
   8
 137
   9
   8
   6
   8
   6
  24
  11
   8
   7
  78
   7
  48
  25
   9
   7
  15
   6
  10
  11
  13
  19
  55
  42
 153
  48
  43
 128
   9
  39
   6
   6
   6
  10
   8
   8
  10
   7
  87
  44
 208
   7
 255
   6
   7
 180
   7
 225
 136
   7
 225
  43
 299
  47
 224
  63
   8
  82
  21
   9
 115
   7
  10
   7
   8
   7
 249
  11
   8
 221
  10
 191
 123
 256
 230
  65
 273
 135
 248
 211
 312
 246
  56
 118
 125
 223
  42
   7
  69
 116
  75
 108
 208
 205
   8
 243
  48
  50
  11
  57
  41
 100
  10
  43
  39
  50
 141
  40
  15
  10
  12
   6
   8
  56
  10
  46
 285
 258
  12
 223
 133
  48
  48
 141
  54
 114
 228
  54
   7
  74
   6
  54
  45
  48
  48
  32
  32
  47
  38
  10
   8
  10
  55
   8
  55
  28
  12
  52
  46
   7
  64
   9
   7
  10
   7
  10
  12
 238
  54
  52
 238
  58
   9
  12
  84
  40
   8
  84
 115
  59
 195
 104
  48
   8
  43
  45
   7
  46
  53
  61
   8
  16
  25
   8
 225
 138
  69
   9
   6
  14
  61
  11
   8
  12
  23
   8
  10
   6
  10
  12
   7
  11
   8
  10
   7
   9
  10
  50
  12
   9
   7
   9
  56
 251
  95
  53
  78
  39
  52
   8
  49
  58
  39
  70
   8
 198
   7
   7
  43
 218
   8
   8
 213
 120
 234
 236
 136
   9
   6
   9
   5
  38
   9
   8
  63
 190
  46
 253
 153
 218
 258
  56
 147
  95
  10
   7
  55
  52
  32
  46
  72
   9
  44
  14
  42
  58
  53
   6
   9
  49
  15
  37
   8
  13
 134
  20
   8
 218
 230
 114
  47
 128
  56
 145
 245
  34
  10
 223
  36
   9
  48
 147
 246
 137
 235
  47
  48
  14
  24
   8
   7
  10
  55
   6
   8
   7
   9
   8
   5
  23
  49
 112
 130
  47
   6
  45
 138
 118
   6
  81
 181
 247
  46
  11
 137
  50
 230
  44
  10
 226
  45
  35
   8
  47
  55
  54
   9
 359
  41
 132
   8
  14
  48
  43
   6
   7
 152
   8
   8
   8
   9
 102
  12
   9
 277
 250
 150
  94
   6
  77
  79
   9
  63
 146
 120
 116
 246
  48
 410
 227
  56
 235
  11
  67
  10
  27
   9
   7
  23
  25
  18
  16
   7
  26
   6
   8
  10
   7
  13
   7
   8
  14
   6
  10
 119
 332
  16
  12
 226
  10
 220
   8
  10
  13
   5
   9
   7
 233
   9
   7
  10
  11
  69
  57
   8
  71
  75
  46
 139
  29
  10
  57
  12
   7
  10
 109
  12
  44
 251
  62
  64
  66
 119
  50
 240
  47
 246
  21
  57
  12
  38
   7
 116
   7
  42
  51
  16
 127
  43
  49
  54
 128
 228
  34
 119
 124
 178
   8
 101
 177
  11
  45
  10
  49
  10
  15
  44
   8
  43
  12
  67
   8
  96
  14
   9
 215
 115
  55
  87
 278
 130
  29
  48
 107
  22
 143
   9
  11
   6
  52
   8
  53
  75
  17
  43
 119
  12
  42
  60
  51
   7
  14
 108
  37
   9
  52
  10
  47
 242
 150
  76
  49
 281
 106
  44
  10
  51
 283
 266
 141
  93
   6
  42
  26
   6
   9
 112
  22
 121
 232
 226
 134
   9
   7
 136
 196
  98
 302
  66
  12
  49
 232
 234
  73
  52
   6
   9
  14
   9
   8
   8
  19
  38
  43
  37
  43
   8
 122
 197
   8
  10
  91
   7
   8
  13
  52
   6
   8
  45
   6
  21
  10
  44
   8
   8
   8
   7
   7
   9
  42
   7
  12
  47
   8
   7
 247
   8
  81
  74
  53
  12
   7
   8
 178
  48
   8
   9
   7
   8
   8
 183
   8
   8
  20
 214
  53
  43
  22
 155
  18
   7
 269
   6
  58
   6
   8
  10
  91
  82
 221
 121
   9
   7
   7
 122
   7
   8
   7
  41
  56
  13
  43
  49
   9
  17
   9
   8
  89
  43
 120
  11
   9
  13
  15
  44
   9
  10
   9
 121
  15
 126
 141
  16
 128
  11
 135
 235
  12
 115
  52
   9
  44
  50
 104
  13
 109
  12
 138
 238
  50
  15
  48
  90
  49
   8
 135
  47
  26
  14
   8
  22
  50
  25
  37
   9
  25
  46
  42
  42
   8
  18
  14
  10
  14
  13
  12
  32
   8
  44
   6
 219
   7
 101
 219
 119
 243
 149
 151
  68
  54
  87
   7
   8
 111
  50
 258
 158
  45
   8
  61
 114
  10
  46
  46
 293
  50
 221
 224
 124
 185
  26
  49
  43
   8
  61
 187
 129
 192
  52
  41
   7
 258
  10
  62
   8
  56
  48
  43
  10
  52
  10
  11
   7
  14
  44
   9
   7
  10
   7
1339
  15
  44
   8
   8
  46
  11
   7
  13
   8
   8
  45
  69
   9
 146
   9
  65
  32
  48
  57
   8
   8
  17
  48
   8
   9
   8
   9
   8
   7
 189
   8
  17
 117
  14
  56
  28
   8
   6
  59
  11
   6
  14
  65
  12
 132
  12
  57
   7
  51
 110
  10
   8
   7
  20
  10
  55
  17
  12
   9
   9
  50
   8
  12
  23
  12
  12
   8
  72
   6
  31
  24
  33
  17
 112
  51
  46
   6
  10
   9
  13
   8
  14
  85
  18
  10
 135
  52
   9
   9
  46
  54
 242
 114
 209
  21
  11
  57
  29
  32
  55
  47
  50
   8
 232
   9
  32
  12
 116
  24
 131
  52
  45
   7
  48
   9
  53
  49
  29
  48
 103
  12
 115
  12
  50
   8
  43
   7
  59
 150
   9
  18
 110
  61
   7
 162
  52
   7
  10
   7
  45
   7
  45
  38
   7
  79
 165
   8
  10
  19
  12
   7
  26
  51
  20
  12
  71
  43
  36
  44
  23
  68
  54
   8
  10
  46
   9
  44
   6
  11
 115
 103
  63
   6
  17
  46
  46
  67
   9
   9
   5
   9
  40
   7
   8
  43
  12
   8
  13
   7
   9
   8
   6
  11
   8
  12
  11
   7
   8
  10
   7
   6
  54
  54
   7
  84
 124
  10
  98
 198
 211
   6
   8
  75
  50
  15
   7
   9
 136
   8
  11
  10
   8
   9
  15
  40
  18
  43
   8
  49
 129
 224
  43
   8
  10
  39
  18
 178
  12
  12
 139
  50
  64
  26
   9
  54
  49
 152
  10
 115
  15
 229
  81
  19
  46
  52
  16
  12
  10
  20
  35
   7
  88
   9
 123
  41
 105
  73
 117
 219
  80
   7
  60
 122
  14
  56
  44
  58
 124
  42
  56
  56
  12
   7
  17
 174
 244
  35
  63
  49
 145
 216
   8
  48
 221
  73
   9
  85
  55
   8
   9
  34
   5
  10
  65
  12
 235
  35
  12
  19
  12
  54
  13
  61
 146
   7
  93
  44
   8
   7
  81
   6
 246
   9
  29
  58
  10
   7
  68
  48
 256
  29
   6
 259
  62
  22
  16
 198
  37
  50
  21
  14
 237
  25
   9
 122
 141
  15
  10
  58
  27
   8
  14
  13
  93
  44
   8
  42
 199
  11
  38
   9
  10
  95
  84
  80
  36
  62
   7
   7
   9
   7
   8
   8
   8
  28
  18
   9
   9
   7
  23
   8
  12
  12
   7
  11
   8
  20
  15
  11
  17
   6
  24
 118
  57
  67
   8
  44
 115
  86
  16
  12
 135
  71
   8
  10
  10
  62
   5
  10
  43
   9
  17
   7
  14
  50
   8
  59
 282
  52
 125
  58
   6
  70
  16
   8
  12
  86
  32
  10
 224
  62
  48
 238
  49
  46
  81
  17
  23
  11
 230
 114
  13
   9
  99
 198
 156
   9
  10
  11
  10
  57
  10
  10
  52
 135
 123
 215
 137
  67
  60
   5
   8
 154
 239
  16
  16
  11
  42
  58
 168
  10
 231
 131
 364
   8
   8
   5
 120
  24
  12
  47
  11
  10
 149
 249
  30
   7
 210
  14
  16
  10
   6
  65
   6
  10
  98
 198
  73
  29
 248
  58
  10
  12
  99
  31
   8
  11
  17
   7
  14
  46
 240
  75
  69
 128
  82
  49
  44
  44
  12
   6
  55
   6
 248
   7
 116
  49
 137
  50
   8
  42
  62
   8
  50
  42
  10
 144
  23
   8
   9
  46
 136
  45
  51
  10
  24
  47
  13
  28
   8
  13
 150
   8
 200
  45
  52
  22
  37
   6
  41
   9
  43
  44
  10
  26
   8
  40
  49
   6
  53
   9
  12
  55
   9
   9
   8
  10
   8
  25
  52
  54
  44
  41
  81
  84
 215
 190
  85
  71
 122
  95
  46
   7
  51
  29
  43
   6
  12
  51
   9
  24
  42
  50
  45
   6
  66
  49
  53
 133
  52
 221
 132
  86
   6
 270
  76
   6
  10
   8
   8
 178
   7
  56
 103
 227
 115
 233
  32
  26
  37
  52
  42
 121
  34
  52
   7
  19
 116
   9
 169
 269
  32
 135
  53
 192
   7
  59
   5
  66
   9
  51
  61
   4
  10
  10
   7
   9
   7
  48
 137
 106
   8
  14
   8
   7
 217
   7
  20
  42
  57
 220
  29
  52
   6
 246
 152
 256
  58
   8
  80
 196
  46
  12
  41
   6
   7
   7
  53
   8
  46
  10
 220
  68
 297
   8
  29
  11
   6
  48
  51
   8
  10
   7
  95
 120
 180
   7
 190
   9
 125
  10
  89
 191
  44
 144
  84
  84
  53
  48
  38
  47
   9
 234
  49
  42
 265
 196
  56
 114
 164
  31
 128
 225
  55
 201
 108
  56
 247
 104
  49
  63
  84
  34
   8
  29
   7
  66
   7
   5
   7
   9
  57
   9
   8
  10
   9
   9
   8
   9
  39
  44
  45
   8
 226
  55
  58
  54
   8
  53
  53
 228
 114
 216
  11
  45
  10
  76
  91
 220
 126
  35
   9
  10
  10
   8
  53
  95
  63
  13
  54
  10
  50
  46
   9
 184
  80
   8
  76
 121
  32
  11
  49
  17
  11
 247
  83
  37
 124
  27
 188
   7
  46
 192
   8
 179
  10
  49
  18
  87
 176
 277
   9
  82
  21
   9
   8
  58
   9
   8
   8
 200
   9
   9
  10
  17
   8
   9
  43
 147
 133
 183
 118
  64
 116
 217
 274
 120
 148
  83
  43
  50
 136
   9
  31
  11
  10
  48
  50
   8
  48
  58
 124
 168
  65
  14
  55
 134
  14
   6
  39
  12
 237
 118
  50
 205
  10
   7
 121
 215
  56
   8
  23
  11
  50
   8
   7
 124
  54
  50
   8
 115
  10
   9
 235
 129
 188
 140
 140
 214
  54
 220
   6
 227
  53
  30
 157
 120
  60
   7
 245
 246
   7
  46
 150
  67
 250
 150
  57
 145
  44
 138
  72
  44
   6
  51
  44
  69
  12
   7
  14
   8
  20
   6
   6
  44
   6
  69
   7
   7
  33
  11
   7
   7
  35
   8
   9
   9
   7
   9
   7
   9
  11
   8
   9
   9
  57
 161
  54
  40
   6
  85
  51
 305
  67
   8
 274
  87
  14
  26
   9
  93
 107
 205
  99
   9
 120
  61
  15
   8
  15
   8
 257
   8
 128
  13
   8
   9
  11
   8
  99
 154
  76
   8
  62
 229
  46
 244
  10
  16
 258
 158
   6
 139
   9
 126
 232
 204
  45
  56
 209
  40
  13
  11
  43
  49
  44
 147
  20
  54
 103
  50
  41
  51
  44
   5
  62
   6
   8
  49
   8
  10
  13
  80
   8
 226
  87
   8
  15
 179
  56
  50
  60
 150
 166
   8
  39
  24
   7
   7
  78
  17
  34
  54
  10
  54
  10
  49
   9
  29
  49
  24
  20
  59
 109
   8
  20
  56
 122
  66
  45
  42
  26
  10
  10
  47
 249
 176
  10
  10
 195
  64
 142
  60
  20
  19
 257
 169
 230
  82
 110
 235
 132
  75
  29
  29
  56
   6
  45
   5
 107
  47
  48
  73
   6
 219
  12
  56
  58
   6
 227
  25
  70
   8
  45
 252
 136
 229
   7
  58
   7
   6
  52
   9
   9
   6
  63
  66
   5
  44
   6
   8
   9
  14
   9
   7
   9
   8
  15
 234
   7
 218
  91
  70
  76
   8
  43
  12
   9
   9
 232
  39
 117
  10
  54
   7
 242
 142
   9
   9
  10
  43
  17
  33
 154
  56
  47
  82
  50
  10
  52
  44
  56
  20
  75
 254
 160
  52
  46
  71
  27
   7
 125
 137
 241
 114
 248
   9
   8
  53
  64
  47
 251
 151
  90
   6
  29
  62
  35
  11
   8
  78
   9
  34
 265
 168
   8
   9
  63
 126
  50
 220
 137
   9
  50
   8
  61
  34
  53
  45
  48
  23
  20
 297
   9
 194
   8
 242
  10
   9
  65
 146
  65
   8
  79
  26
  68
  25
  32
 284
   7
   8
  11
 146
  40
  10
  14
  16
  10
  44
  47
 169
 143
 243
 227
   8
  27
  22
  15
  91
  49
 211
  12
 224
  83
   7
  53
 149
  91
 117
  83
   7
   7
  37
 135
 248
  49
   8
  44
   8
   7
   8
 283
 245
 135
  45
  17
   7
  48
   7
 223
   7
 236
 135
  11
  90
 125
 168
 175
  52
   8
   7
  13
  18
   9
   7
   7
   8
   6
  10
   6
  15
   8
   7
   9
   8
   9
   7
   9
  12
   5
  10
   6
   9
   9
  54
  41
  44
   7
   7
  22
  44
   9
  10
   7
  78
 113
 214
  50
   7
 151
  52
 220
 209
  42
 230
  49
   6
   9
   7
   6
  56
 238
 126
   7
   7
  53
  54
   9
   7
  56
  43
  10
  53
  52
   7
 223
  67
   9
   7
  11
   9
   7
  46
  15
  11
  23
  44
   8
 212
  10
 271
  11
  51
  50
   8
 206
  30
  46
  10
  89
  38
  17
 233
  81
  61
 244
 144
  68
  55
  48
  10
  42
   8
  55
  62
 108
  40
   7
  10
   9
  12
  54
 207
  45
 107
   7
  14
 220
 224
 138
 238
   8
  49
 209
  63
  60
   7
 118
 109
   8
 128
  13
   9
 221
   8
   9
  99
  61
  34
  66
 240
  10
  38
  45
   7
  17
  81
 202
  86
  45
  80
  10
  61
   9
  53
  42
   6
  56
 134
  53
  32
  28
  68
  15
 228
  11
 114
  40
  39
  19
  10
  47
  41
  54
   9
  51
  50
  12
 190
  52
   6
  73
  28
   9
  37
  19
  10
 136
 130
  83
  57
   9
   7
   8
   9
  10
   9
   7
  20
   9
   9
   8
   6
  10
   8
   9
   8
  10
  11
  10
  14
  10
  37
   9
 252
  53
   7
 108
   8
  42
  14
  13
 219
   6
 247
   8
 248
 143
 243
  70
  60
  24
   7
   6
   8
   9
  38
 132
  16
   7
   8
 210
   8
 272
   7
 267
 175
   6
  66
   8
   7
  11
   6
  73
   6
 368
   7
  54
 247
  46
 129
  47
  57
  11
  41
  12
 101
  89
   9
 184
  75
 119
  14
  60
  46
  11
  43
 142
   9
  45
 101
  48
  88
 117
  98
  12
  77
  57
   6
 205
  41
 111
  59
  29
  81
  39
   9
   8
  53
  57
  52
  70
 117
 223
  71
  79
  17
 136
  39
  47
  97
  76
  49
  54
   7
  34
   9
 238
 234
  66
 157
   6
  75
   9
  19
 227
 114
 142
   9
 213
  45
  12
  34
   8
  47
  24
  20
  37
  87
 231
   9
  50
  60
  56
  72
   8
 218
 100
  36
   9
  50
 223
  21
 213
 303
 149
 149
  77
  82
 154
 254
  66
  10
